1.72523 0.450450 
1.72523 0.450450 
1.71276 0.446030 
1.71205 0.446430 
1.71173 0.446930 
1.70866 0.442090 
1.71397 0.442090 
1.71277 0.441210 
1.71719 0.442580 
1.72204 0.442970 
1.71902 0.439370 
1.72887 0.439080 
1.72266 0.440920 
1.72486 0.439170 
1.72391 0.437540 
1.73052 0.437830 
1.73368 0.439460 
1.73102 0.438790 
1.73360 0.438890 
1.73587 0.441700 
1.74005 0.444740 
1.73460 0.443070 
1.73598 0.441500 
1.74498 0.441210 
1.74472 0.439750 
1.74251 0.437540 
1.74307 0.436590 
1.73405 0.432430 
1.74022 0.434780 
1.74027 0.435070 
1.74007 0.433930 
1.74249 0.435350 
1.73598 0.433180 
1.73908 0.432340 
1.74254 0.435630 
1.74178 0.435450 
1.74956 0.440140 
1.74819 0.438690 
1.74694 0.437060 
1.75851 0.439080 
1.76219 0.439170 
1.76367 0.439270 
1.75956 0.437160 
1.76368 0.437640 
1.77739 0.439950 
1.78412 0.446030 
1.79034 0.447030 
1.78898 0.446130 
1.79539 0.447730 
1.79717 0.448730 
1.81029 0.451160 
1.81298 0.449030 
1.80801 0.447530 
1.82186 0.449840 
1.83337 0.451570 
1.87529 0.457670 
1.87785 0.455790 
1.87358 0.456000 
1.86647 0.454960 
1.88002 0.458820 
1.88688 0.457980 
1.89639 0.456410 
1.89321 0.455370 
1.92370 0.459660 
1.92962 0.459980 
1.95240 0.462110 
1.97200 0.466740 
1.95244 0.464040 
1.96587 0.467510 
1.97522 0.467510 
1.96587 0.467510 
1.94624 0.461470 
1.89450 0.458720 
1.88787 0.457670 
1.87998 0.455480 
1.87358 0.453930 
1.90574 0.457560 
1.86655 0.450860 
1.85701 0.449640 
1.85586 0.450450 
1.85177 0.447830 
1.86145 0.446930 
1.82380 0.441600 
1.81858 0.441400 
1.81678 0.439370 
1.79823 0.437920 
1.79956 0.440530 
1.80097 0.442770 
1.80183 0.442440 
1.82443 0.443360 
1.82443 0.443360 
1.79276 0.438600 
1.78571 0.438210 
1.79259 0.437480 
1.81257 0.441010 
1.79268 0.438310 
1.79189 0.438120 
1.79266 0.436970 
1.79200 0.434690 
1.79510 0.437830 
1.80206 0.437920 
1.80380 0.436490 
1.78924 0.428820 
1.79047 0.429370 
1.77932 0.426440 
1.77932 0.426440 
1.76229 0.421850 
1.77406 0.423910 
1.77925 0.426170 
1.77612 0.426440 
1.78289 0.427810 
1.77626 0.434030 
1.77380 0.430530 
1.77392 0.429000 
1.76848 0.427170 
1.76308 0.425350 
1.76275 0.428630 
1.76590 0.428360 
1.76320 0.427440 
1.75705 0.426990 
1.76719 0.427170 
1.76862 0.429280 
1.77325 0.428630 
1.76836 0.428170 
1.76836 0.428170 
1.76644 0.426990 
1.76905 0.428080 
1.76798 0.428080 
1.76370 0.426530 
1.76395 0.426080 
1.76321 0.424360 
1.76256 0.423690 
1.75822 0.424180 
1.75719 0.425990 
1.75268 0.424000 
1.73977 0.419730 
1.74110 0.421320 
1.74252 0.421410 
1.73858 0.420960 
1.73886 0.420520 
1.74348 0.420880 
1.74884 0.421410 
1.74499 0.421500 
1.73667 0.419990 
1.74774 0.421140 
1.74265 0.420170 
1.73786 0.418760 
1.74019 0.419320 
1.73586 0.417280 
1.73949 0.418150 
1.74523 0.419020 
1.76018 0.421850 
1.77773 0.425800 
1.78190 0.426800 
1.79344 0.428540 
1.78617 0.426800 
1.77707 0.424630 
1.76947 0.421050 
1.78338 0.421850 
1.78541 0.421590 
1.78331 0.421590 
1.78007 0.421320 
1.78241 0.420880 
1.78519 0.420790 
1.78744 0.420080 
1.79806 0.421590 
1.80153 0.423640 
1.79806 0.422210 
1.79536 0.421940 
1.80858 0.422560 
1.80858 0.422560 
1.80252 0.420170 
1.80134 0.418240 
1.78782 0.418500 
1.79220 0.417280 
1.78646 0.415450 
1.77759 0.413390 
1.77633 0.413940 
1.77656 0.413390 
1.78164 0.414340 
1.77796 0.413480 
1.78088 0.416580 
1.77903 0.416150 
1.77824 0.414510 
1.78091 0.414160 
1.78348 0.417190 
1.78467 0.418940 
1.78161 0.417970 
1.79245 0.419290 
1.79732 0.419200 
1.80778 0.416060 
1.81270 0.416230 
1.79517 0.416750 
1.79867 0.416840 
1.80288 0.418060 
1.81343 0.418320 
1.81361 0.418850 
1.80887 0.418240 
1.81295 0.418940 
1.81247 0.418590 
1.79942 0.417010 
1.80602 0.418060 
1.80489 0.417800 
1.80642 0.417190 
1.80466 0.416060 
1.80970 0.414590 
1.81856 0.415200 
1.82555 0.415370 
1.82937 0.413650 
1.84330 0.413990 
1.86523 0.411520 
1.86063 0.410510 
1.86345 0.410680 
1.86182 0.409420 
1.86680 0.409840 
1.88103 0.410260 
1.89347 0.410510 
1.88614 0.409580 
1.89871 0.410090 
1.90232 0.410420 
1.91631 0.409250 
1.91606 0.407500 
1.94401 0.408660 
1.94587 0.410090 
1.94912 0.413650 
1.90098 0.417800 
1.88963 0.418060 
1.90263 0.414340 
1.89413 0.413560 
1.90308 0.415970 
1.93175 0.417450 
1.91933 0.417970 
1.90240 0.420700 
1.91448 0.419200 
1.91631 0.423730 
1.91585 0.427170 
1.91214 0.424450 
1.92145 0.422300 
1.92560 0.422740 
1.92748 0.424090 
1.94212 0.425620 
1.94581 0.426710 
1.93988 0.426350 
1.94498 0.426530 
1.96219 0.427260 
1.96352 0.426620 
1.98267 0.427990 
2.00748 0.427350 
2.01857 0.431780 
2.00516 0.430290 
1.98414 0.428540 
2.01971 0.433180 
1.97767 0.429460 
1.99226 0.429830 
1.93353 0.418060 
1.96216 0.425170 
1.94726 0.421940 
1.94111 0.420610 
1.94111 0.420610 
1.94111 0.420610 
1.95689 0.422650 
1.95066 0.418150 
1.95107 0.418240 
1.95107 0.418240 
1.97439 0.419900 
1.93875 0.413820 
1.93156 0.412290 
1.94571 0.414420 
1.96299 0.415890 
1.97997 0.417280 
1.98457 0.416930 
2.00126 0.418670 
1.99416 0.417190 
2.00083 0.416410 
2.00585 0.417890 
2.00665 0.415450 
2.00041 0.413310 
1.99300 0.411780 
2.02517 0.416100 
2.03573 0.415450 
2.05256 0.413820 
2.06882 0.415840 
2.08593 0.415110 
2.09571 0.417060 
2.13139 0.422480 
2.12005 0.425710 
2.13481 0.425260 
2.11665 0.424180 
2.14698 0.427260 
2.13737 0.426620 
2.13950 0.427260 
2.14912 0.427900 
2.14973 0.427810 
2.18588 0.431780 
2.21731 0.437600 
2.24634 0.443070 
2.19611 0.441700 
2.18840 0.441210 
2.13389 0.437540 
2.09740 0.432900 
2.11312 0.445340 
2.11616 0.447630 
2.10680 0.448730 
2.11478 0.449240 
2.13152 0.453510 
2.15318 0.458610 
2.15322 0.453310 
2.13758 0.454800 
2.13702 0.453720 
2.13537 0.455790 
2.11382 0.451670 
2.10231 0.448730 
2.11564 0.450860 
2.11421 0.450550 
2.10953 0.450760 
2.09115 0.446830 
2.08871 0.444640 
2.05966 0.438690 
2.04909 0.438310 
2.06798 0.441400 
2.08824 0.444540 
2.08297 0.441310 
2.08573 0.441890 
2.11064 0.444350 
2.11400 0.448830 
2.10544 0.447730 
2.10515 0.445530 
2.10362 0.446630 
2.10969 0.448630 
2.12197 0.453410 
2.15652 0.461040 
2.13928 0.455890 
2.13345 0.453930 
2.14123 0.455580 
2.15399 0.458300 
2.17025 0.462000 
2.16418 0.459240 
2.17794 0.463390 
2.18663 0.464250 
2.18663 0.464250 
2.18663 0.464250 
2.18670 0.463280 
2.16309 0.456830 
2.16594 0.458400 
2.17863 0.461570 
2.17999 0.462110 
2.18475 0.463610 
2.21120 0.466740 
2.20976 0.467180 
2.20616 0.466420 
2.20616 0.466420 
2.26692 0.473260 
2.25909 0.472370 
2.27478 0.475400 
2.25372 0.472480 
2.28354 0.475740 
2.29646 0.478930 
2.29733 0.481120 
2.31197 0.483680 
2.31010 0.482280 
2.30493 0.478700 
2.30927 0.481350 
2.29938 0.480540 
2.32423 0.483210 
2.31790 0.482390 
2.31790 0.482390 
2.33430 0.483790 
2.34887 0.485550 
2.32665 0.483210 
2.33092 0.483090 
2.33358 0.485910 
2.37120 0.490680 
2.36183 0.495660 
2.41370 0.515200 
2.40928 0.518400 
2.40855 0.515200 
2.40273 0.515330 
2.37129 0.507230 
2.40513 0.512820 
2.39535 0.510460 
2.34266 0.499500 
2.34719 0.501000 
2.34919 0.500630 
2.37288 0.505940 
2.37697 0.507360 
2.36386 0.501880 
2.35743 0.500250 
2.37121 0.505050 
2.39233 0.511510 
2.38791 0.512430 
2.39444 0.514930 
2.39679 0.518000 
2.41329 0.525490 
2.41348 0.530790 
2.41458 0.528120 
2.45199 0.526180 
2.44550 0.525350 
2.47406 0.532060 
2.46605 0.532620 
2.43993 0.528120 
2.42295 0.531350 
2.44832 0.536910 
2.40942 0.528960 
2.41041 0.530930 
2.42111 0.530360 
2.44715 0.535190 
2.47088 0.541860 
2.44289 0.537490 
2.44678 0.538940 
2.43830 0.536480 
2.43483 0.537490 
2.44099 0.536480 
2.44953 0.538360 
2.45626 0.538360 
2.47353 0.543040 
2.52708 0.555400 
2.53484 0.557410 
2.50831 0.553710 
2.52225 0.556170 
2.53140 0.558190 
2.56990 0.564810 
2.56122 0.562900 
2.50000 0.550060 
2.51801 0.554020 
2.52632 0.554020 
2.49246 0.548700 
2.49453 0.546750 
2.49727 0.545850 
2.47043 0.537630 
2.44670 0.533050 
2.47312 0.537630 
2.50480 0.548400 
2.47221 0.542150 
2.47624 0.543040 
2.45268 0.540830 
2.45268 0.540830 
2.45705 0.545400 
2.44233 0.542740 
2.42818 0.542010 
2.41319 0.542590 
2.43124 0.550060 
2.44011 0.557100 
2.43262 0.561480 
2.39956 0.554170 
2.40157 0.562430 
2.38936 0.560220 
2.33724 0.544810 
2.30395 0.540830 
2.27917 0.545260 
2.26975 0.544960 
2.23301 0.539370 
2.28166 0.545850 
2.29994 0.551880 
2.31694 0.558970 
2.32083 0.559910 
2.32514 0.558660 
2.30919 0.557100 
2.32410 0.554020 
2.32460 0.546000 
2.29247 0.549750 
2.25405 0.540540 
2.25405 0.540540 
2.21910 0.535050 
2.21342 0.528260 
2.22489 0.534190 
2.18750 0.534190 
2.19807 0.536770 
2.22342 0.539670 
2.22973 0.540540 
2.22433 0.541860 
2.23384 0.543180 
2.23901 0.549450 
2.27348 0.549150 
2.28280 0.550740 
2.27454 0.549070 
2.30886 0.554020 
2.30663 0.552490 
2.28704 0.547800 
2.27074 0.545850 
2.24194 0.537630 
2.22371 0.533900 
2.22193 0.534760 
2.21246 0.532480 
2.22489 0.534190 
2.22911 0.534560 
2.20591 0.527980 
2.23085 0.535620 
2.21927 0.532200 
2.21372 0.527700 
2.22222 0.524110 
2.24040 0.522600 
2.24934 0.527150 
2.23471 0.522740 
2.24431 0.523150 
2.25908 0.526590 
2.25519 0.525070 
2.23091 0.521240 
2.23071 0.517870 
2.22480 0.515600 
2.21569 0.511120 
2.21483 0.511510 
2.22943 0.514880 
2.21838 0.512030 
2.23256 0.516800 
2.22709 0.514930 
2.24044 0.516530 
2.24961 0.518940 
2.23937 0.518670 
2.25376 0.528120 
2.26004 0.531770 
2.28441 0.535620 
2.26495 0.530430 
2.27712 0.529870 
2.27610 0.529940 
2.28723 0.531910 
2.28098 0.534190 
2.27068 0.530220 
2.27634 0.529380 
2.27513 0.529100 
2.27513 0.529100 
2.27513 0.529100 
2.27129 0.528820 
2.25039 0.522740 
2.24725 0.523830 
2.24725 0.523830 
2.24241 0.519080 
2.26405 0.522880 
2.24792 0.519750 
2.26302 0.520830 
2.25899 0.521100 
2.28333 0.530080 
2.28701 0.533480 
2.29229 0.535330 
2.30811 0.536770 
2.30800 0.535190 
2.29952 0.531070 
2.29551 0.527700 
2.30963 0.530640 
2.29931 0.531630 
2.30779 0.533900 
2.33504 0.538650 
2.31222 0.534620 
2.32262 0.535480 
2.32906 0.534190 
2.31659 0.531630 
2.35160 0.537200 
2.35176 0.536620 
2.35860 0.537630 
2.34187 0.534670 
2.34642 0.537920 
2.35133 0.537200 
2.37622 0.542890 
2.36806 0.541270 
2.36821 0.540690 
2.38587 0.543480 
2.39456 0.544220 
2.39694 0.546000 
2.39989 0.544810 
2.37541 0.541710 
2.36516 0.539370 
2.33683 0.537200 
2.37237 0.546000 
2.36721 0.546450 
2.36978 0.545400 
2.38540 0.549000 
2.38649 0.549000 
2.37762 0.551270 
2.37246 0.548550 
2.36433 0.547050 
2.34593 0.543920 
2.34247 0.547950 
2.36893 0.554790 
2.35781 0.552180 
2.36996 0.552180 
2.37844 0.555710 
2.37396 0.554020 
2.37884 0.553860 
2.37293 0.552490 
2.37569 0.552490 
2.38677 0.555710 
2.39100 0.555400 
2.38558 0.554790 
2.38596 0.552940 
2.39300 0.555860 
2.39319 0.558500 
2.41573 0.561800 
2.41515 0.561010 
2.41302 0.561170 
2.40414 0.559750 
2.40761 0.559910 
2.41516 0.565610 
2.41498 0.571590 
2.41487 0.567540 
2.42321 0.568830 
2.42321 0.568830 
2.42321 0.568830 
2.41428 0.566730 
2.41968 0.568670 
2.42480 0.567540 
2.42334 0.567860 
2.41648 0.566250 
2.39875 0.566410 
2.39707 0.564020 
2.40412 0.564020 
2.38781 0.564490 
2.37472 0.563060 
2.37398 0.563220 
2.35656 0.559750 
2.33779 0.556950 
2.33278 0.557410 
2.33278 0.557410 
2.34484 0.556640 
2.31898 0.553790 
2.30980 0.549300 
2.29252 0.547800 
2.29093 0.544810 
2.28314 0.545550 
2.28175 0.543920 
2.29715 0.548250 
2.30685 0.547950 
2.30346 0.549750 
2.31533 0.551270 
2.32118 0.556640 
2.32283 0.562430 
2.30384 0.556480 
2.30512 0.556790 
2.31440 0.554020 
2.32713 0.555400 
2.33797 0.556330 
2.34990 0.558500 
2.34990 0.558500 
2.36923 0.559440 
2.36820 0.557880 
2.36030 0.556020 
2.35802 0.556790 
2.38281 0.558040 
2.40039 0.561170 
2.41545 0.563700 
2.41218 0.566570 
2.39577 0.563380 
2.42890 0.568830 
2.42123 0.567700 
2.43502 0.571270 
2.44623 0.573560 
2.46048 0.574880 
2.47829 0.579040 
2.45334 0.574220 
2.46243 0.578030 
2.46761 0.575870 
2.48406 0.579710 
2.49056 0.581230 
2.46532 0.578030 
2.45340 0.573560 
2.47261 0.576700 
2.47618 0.577530 
2.48233 0.579310 
2.48911 0.580550 
2.49927 0.581900 
2.51756 0.585480 
2.48696 0.579370 
2.47262 0.576370 
2.49710 0.580050 
2.49492 0.580210 
2.49637 0.581230 
2.47896 0.580550 
2.46906 0.575540 
2.45188 0.574550 
2.42951 0.569640 
2.43560 0.572410 
2.39512 0.566890 
2.40935 0.566570 
2.42951 0.569640 
2.45126 0.573390 
2.45619 0.574550 
2.46260 0.575370 
2.43721 0.570780 
2.43513 0.570290 
2.48698 0.578700 
2.49680 0.581060 
2.49927 0.583940 
2.52059 0.588240 
2.50292 0.584110 
2.52948 0.589620 
2.51913 0.588580 
2.50734 0.587200 
2.50734 0.587200 
2.50587 0.586850 
2.48116 0.579710 
2.48332 0.580210 
2.45405 0.574380 
2.45348 0.572570 
2.42150 0.565770 
2.42971 0.568020 
2.43823 0.568020 
2.47193 0.575870 
2.47193 0.575870 
2.50000 0.582410 
2.49274 0.581060 
2.47193 0.575870 
2.47975 0.578700 
2.48402 0.581060 
2.47512 0.578700 
2.48839 0.580720 
2.49201 0.580890 
2.50847 0.584450 
2.51173 0.586510 
2.51025 0.585480 
2.51537 0.585650 
2.51171 0.585480 
2.50000 0.583770 
2.49563 0.583090 
2.49752 0.583190 
2.49854 0.583090 
2.51023 0.584450 
2.51877 0.586440 
2.52350 0.587540 
2.53910 0.590140 
2.52877 0.590140 
2.52877 0.590140 
2.52284 0.589450 
2.55193 0.593470 
2.55490 0.593470 
2.54357 0.590840 
2.52644 0.587540 
2.51975 0.585310 
2.50582 0.582070 
2.49130 0.580050 
2.50731 0.584450 
2.51685 0.585990 
2.51981 0.587030 
2.51611 0.585820 
2.51757 0.585820 
2.52874 0.589450 
2.53170 0.589800 
2.52872 0.589100 
2.55433 0.595420 
2.55202 0.594530 
2.54524 0.593300 
2.56009 0.596410 
2.55933 0.596300 
2.55394 0.594350 
2.54794 0.593650 
2.55731 0.595420 
2.57349 0.599880 
2.57968 0.601320 
2.59450 0.604780 
2.58434 0.602410 
2.57890 0.601140 
2.58980 0.603680 
2.58996 0.604780 
2.62087 0.612000 
2.57090 0.616520 
2.57339 0.624610 
2.57018 0.623830 
2.54540 0.615570 
2.54625 0.627160 
2.55092 0.626760 
2.52581 0.625590 
2.52092 0.631410 
2.51099 0.627750 
2.48755 0.622280 
2.46997 0.615950 
2.47467 0.614060 
2.45786 0.612930 
2.42840 0.609380 
2.43135 0.617090 
2.42573 0.612560 
2.43318 0.614440 
2.45195 0.619960 
2.45274 0.619770 
2.47818 0.623440 
2.44197 0.619000 
2.45192 0.620350 
2.41751 0.616710 
2.41454 0.621500 
2.41525 0.619770 
2.40799 0.623830 
2.40336 0.621500 
2.39950 0.626170 
2.39570 0.622670 
2.39570 0.622670 
2.39570 0.622670 
2.37093 0.614630 
2.37743 0.616710 
2.37713 0.618240 
2.37713 0.618240 
2.36073 0.615570 
2.34895 0.616520 
2.34691 0.621700 
2.33468 0.620930 
2.33333 0.628930 
2.34671 0.632110 
2.36049 0.634120 
2.34568 0.633110 
2.35629 0.631710 
2.35883 0.629520 
2.39581 0.634320 
2.41346 0.635120 
2.42516 0.636940 
2.44576 0.638160 
2.46835 0.649140 
2.42355 0.650620 
2.42885 0.646830 
2.42602 0.650410 
2.43327 0.651040 
2.46711 0.657890 
2.46391 0.656170 
2.49670 0.660070 
2.46230 0.655740 
2.47614 0.658110 
2.45351 0.652530 
2.44228 0.650410 
2.43191 0.648510 
2.41262 0.647250 
2.40291 0.647250 
2.41794 0.649980 
2.40837 0.648720 
2.39799 0.647670 
2.39870 0.648300 
2.40032 0.648300 
2.39570 0.651890 
2.41368 0.657680 
2.42121 0.656600 
2.40917 0.654660 
2.41492 0.654450 
2.43234 0.660070 
2.44109 0.663790 
2.43113 0.663790 
2.42564 0.660940 
2.40661 0.661160 
2.39209 0.658980 
2.40253 0.666440 
2.40759 0.666000 
2.39253 0.661380 
2.40253 0.666440 
2.38245 0.662250 
2.38858 0.660280 
2.38395 0.663130 
2.38848 0.665780 
2.39664 0.672270 
2.41925 0.680040 
2.41168 0.679350 
2.42715 0.685640 
2.42057 0.683290 
2.41698 0.684700 
2.43638 0.687760 
2.43211 0.687520 
2.42916 0.682830 
2.42838 0.674080 
2.42838 0.674080 
2.42838 0.674080 
2.42263 0.665560 
2.41664 0.660280 
2.41705 0.663570 
2.42691 0.664450 
2.42141 0.654880 
2.42459 0.648720 
2.44061 0.650830 
2.44077 0.649140 
2.43992 0.645990 
2.45405 0.640410 
2.45490 0.644330 
2.46079 0.645370 
2.45708 0.647880 
2.45066 0.647040 
2.44572 0.638570 
2.45232 0.635730 
2.45211 0.638570 
2.46553 0.641230 
2.46556 0.640820 
2.46556 0.640820 
2.45803 0.633510 
2.44701 0.632710 
2.44059 0.633710 
2.44297 0.633710 
2.43618 0.638160 
2.44569 0.638980 
2.44023 0.637550 
2.44027 0.637150 
2.44576 0.638160 
2.46391 0.641640 
2.46146 0.642260 
2.46312 0.641440 
2.48069 0.643500 
2.47590 0.642670 
2.48715 0.642670 
2.49203 0.637350 
2.49133 0.630720 
2.49688 0.625000 
2.51716 0.623830 
2.51716 0.623830 
2.52851 0.623250 
2.54951 0.628730 
2.53994 0.631510 
2.54313 0.638980 
2.52863 0.636130 
2.52545 0.636130 
2.52548 0.636940 
2.56881 0.632710 
2.54756 0.634120 
2.55233 0.644120 
2.56562 0.656170 
2.56609 0.655950 
2.55730 0.654880 
2.55709 0.656170 
2.55730 0.654880 
2.55159 0.655090 
2.52370 0.653810 
2.51876 0.652530 
2.52506 0.646620 
2.53329 0.649560 
2.54237 0.651890 
2.54992 0.654660 
2.52614 0.653590 
2.53999 0.652950 
2.56117 0.652530 
2.57199 0.654450 
2.56985 0.649770 
2.57802 0.650200 
2.56976 0.648930 
2.58638 0.651890 
2.58897 0.652950 
2.58666 0.654020 
2.57927 0.653810 
2.59941 0.659410 
2.59783 0.657680 
2.59796 0.658540 
2.57784 0.655520 
2.58632 0.657680 
2.59204 0.657460 
2.60755 0.656810 
2.61311 0.655740 
2.62271 0.654450 
2.63279 0.655740 
2.64672 0.657570 
2.68147 0.662910 
2.66257 0.663570 
2.66180 0.663790 
2.67227 0.672270 
2.68428 0.673170 
2.69708 0.670920 
2.69089 0.669790 
2.72605 0.674760 
2.73311 0.675680 
2.72160 0.674080 
2.71357 0.670020 
2.66324 0.662910 
2.64375 0.660940 
2.63538 0.656380 
2.65810 0.658760 
2.63407 0.654020 
2.63244 0.654020 
2.63989 0.658330 
2.63594 0.663130 
2.66900 0.666000 
2.66900 0.666000 
2.68846 0.667110 
2.69880 0.669340 
2.69313 0.667110 
2.69609 0.668670 
2.68467 0.666670 
2.68179 0.667110 
2.68857 0.670470 
2.67929 0.670240 
2.67582 0.669790 
2.66223 0.665560 
2.68072 0.669340 
2.68702 0.670920 
2.67947 0.667780 
2.67066 0.666000 
2.66324 0.662910 
2.66645 0.662470 
2.66844 0.663790 
2.68012 0.667110 
2.65812 0.665780 
2.64628 0.664890 
2.65275 0.667780 
2.64510 0.667110 
2.64245 0.666440 
2.63193 0.668000 
2.62129 0.673850 
2.62712 0.677970 
2.60175 0.672720 
2.57956 0.670020 
2.56207 0.662030 
2.59020 0.662030 
2.58878 0.663790 
2.61636 0.664890 
2.60500 0.666670 
2.62000 0.666670 
2.60406 0.666000 
2.58580 0.666440 
2.58747 0.666440 
2.58926 0.667330 
2.58322 0.665780 
2.60754 0.666890 
2.60841 0.667110 
2.62112 0.668230 
2.61881 0.669340 
2.62287 0.668670 
2.63123 0.668670 
2.65557 0.672720 
2.64538 0.672270 
2.65525 0.671370 
2.66980 0.672490 
2.68194 0.673850 
2.67767 0.673630 
2.67172 0.673400 
2.66018 0.670920 
2.67697 0.672270 
2.67744 0.673400 
2.67721 0.673170 
2.67689 0.673850 
2.68651 0.676360 
2.70748 0.680270 
2.70492 0.683060 
2.69087 0.678660 
2.69571 0.680740 
2.70990 0.682590 
2.71341 0.683990 
2.71233 0.684930 
2.71855 0.685640 
2.69577 0.682130 
2.70463 0.686110 
2.71541 0.686580 
2.74991 0.691800 
2.72991 0.689890 
2.73370 0.693480 
2.73673 0.693720 
2.74956 0.696620 
2.75472 0.698810 
2.76999 0.704470 
2.76817 0.705720 
2.76977 0.702990 
2.77935 0.707210 
2.77406 0.704970 
2.76744 0.704720 
2.77329 0.702990 
2.76883 0.700530 
2.75645 0.697840 
2.75645 0.697840 
2.75645 0.697840 
2.75261 0.696860 
2.73041 0.690370 
2.72477 0.688940 
2.72477 0.688940 
2.75884 0.700040 
2.78662 0.704230 
2.80000 0.707960 
2.81095 0.710730 
2.80708 0.707960 
2.81663 0.713520 
2.84486 0.716590 
2.83977 0.715310 
2.81392 0.710230 
2.79831 0.703980 
2.81006 0.708720 
2.80962 0.707710 
2.79211 0.704720 
2.82340 0.713520 
2.81194 0.710980 
2.82047 0.713140 
2.82353 0.713010 
2.81450 0.710730 
2.82330 0.712500 
2.81250 0.710230 
2.81841 0.713520 
2.79511 0.708970 
2.76274 0.702990 
2.73810 0.700280 
2.74290 0.701510 
2.77049 0.709470 
2.76339 0.709470 
2.73366 0.702740 
2.74540 0.707210 
2.73977 0.705220 
2.73411 0.702490 
2.67383 0.693240 
2.67820 0.692040 
2.68321 0.689420 
2.68801 0.691540 
2.70429 0.692520 
2.66506 0.689180 
2.65470 0.683760 
2.63167 0.679580 
2.63488 0.678660 
2.60207 0.669340 
2.59980 0.670920 
2.61083 0.676820 
2.60367 0.679810 
2.58081 0.673400 
2.55298 0.672720 
2.55759 0.677510 
2.58916 0.685870 
2.58131 0.684700 
2.59158 0.684700 
2.57318 0.680740 
2.56817 0.681660 
2.58202 0.683530 
2.62440 0.691090 
2.62894 0.692280 
2.63826 0.695650 
2.64853 0.699370 
2.63592 0.698810 
2.62748 0.695650 
2.60554 0.692040 
2.57898 0.686810 
2.59848 0.691090 
2.59413 0.690850 
2.59064 0.693240 
2.60327 0.696620 
2.61181 0.698810 
2.61689 0.697840 
2.61855 0.697350 
2.62338 0.700040 
2.62138 0.698570 
2.62662 0.698570 
2.60930 0.693960 
2.62229 0.698810 
2.62413 0.699300 
2.63899 0.703730 
2.64344 0.703980 
2.64986 0.705220 
2.65774 0.704970 
2.65774 0.704970 
2.65774 0.704970 
2.68098 0.709720 
2.68154 0.708470 
2.69779 0.712760 
2.70781 0.713520 
2.72077 0.715050 
2.72890 0.715310 
2.73150 0.715050 
2.71454 0.709220 
2.73229 0.712000 
2.73229 0.712000 
2.78280 0.722800 
2.76619 0.719420 
2.77437 0.722020 
2.77356 0.722280 
2.75720 0.720460 
2.75099 0.720720 
2.74435 0.717100 
2.75832 0.716080 
2.77578 0.720980 
2.75961 0.718650 
2.74658 0.719940 
2.75263 0.724380 
2.74701 0.723850 
2.73073 0.723850 
2.73073 0.723850 
2.73268 0.721500 
2.73646 0.722020 
2.73367 0.721760 
2.72284 0.721760 
2.66417 0.713780 
2.68266 0.716330 
2.67558 0.713010 
2.69796 0.716590 
2.69713 0.716850 
2.71141 0.719680 
2.72875 0.723330 
2.71429 0.721500 
2.72104 0.721760 
2.73993 0.725430 
2.75391 0.727010 
2.75499 0.725950 
2.75499 0.725950 
2.77982 0.733940 
2.78409 0.733140 
2.80348 0.740190 
2.78579 0.739920 
2.78992 0.741020 
2.78992 0.741020 
2.78105 0.737190 
2.79053 0.740190 
2.85876 0.753300 
2.81624 0.748500 
2.79865 0.748500 
2.83491 0.759010 
2.83582 0.765400 
2.82054 0.763650 
2.84627 0.761040 
2.84813 0.765110 
2.83340 0.755570 
2.82051 0.754150 
2.85009 0.759010 
2.86258 0.761320 
2.84772 0.753860 
2.85687 0.755290 
2.87339 0.758150 
2.86901 0.755000 
2.85328 0.750470 
2.84523 0.751310 
2.88525 0.762490 
2.89373 0.764530 
2.90631 0.764820 
2.91475 0.768050 
2.89474 0.762780 
2.89474 0.762780 
2.88805 0.759010 
2.90965 0.765700 
2.90764 0.760170 
2.90316 0.762490 
2.90175 0.761610 
2.91651 0.765990 
2.88586 0.758440 
2.87879 0.757580 
2.85687 0.753300 
2.86011 0.756140 
2.86950 0.758730 
2.88423 0.761610 
2.87786 0.763360 
2.85758 0.761610 
2.87026 0.765400 
2.87026 0.765400 
2.88058 0.763070 
2.87495 0.760170 
2.88711 0.762780 
2.88880 0.764230 
2.91251 0.767460 
2.92843 0.773690 
2.95472 0.780640 
2.94594 0.777910 
2.98940 0.785240 
2.99139 0.783090 
3.00549 0.783700 
2.99766 0.781250 
3.00781 0.781250 
3.03437 0.790200 
3.06627 0.803210 
3.09205 0.811030 
3.09620 0.808410 
3.12127 0.816660 
3.06613 0.801600 
3.01404 0.802250 
3.07262 0.811360 
3.04348 0.805150 
3.02046 0.802250 
3.05830 0.809720 
3.05859 0.808080 
3.04155 0.806780 
3.01521 0.800320 
3.03249 0.802250 
3.04927 0.807750 
3.05297 0.808730 
3.08632 0.814330 
3.07380 0.811030 
3.09425 0.815990 
3.11252 0.815330 
3.13777 0.827470 
3.13668 0.830910 
3.11953 0.832990 
3.12000 0.842110 
3.07606 0.838570 
3.07461 0.833680 
3.04222 0.827810 
3.02373 0.818330 
3.01018 0.814660 
3.03316 0.818670 
3.07279 0.827130 
3.04285 0.824060 
3.03440 0.819000 
2.99190 0.809720 
2.94047 0.799040 
2.92981 0.788640 
2.94409 0.793020 
2.93794 0.785550 
2.94407 0.787710 
2.94374 0.792390 
2.94791 0.789270 
2.94222 0.786160 
2.96906 0.793340 
2.96436 0.792080 
2.96414 0.796810 
2.99199 0.800640 
3.00889 0.807750 
3.01426 0.814660 
3.01059 0.814330 
3.03281 0.820340 
3.06162 0.832640 
3.05882 0.828500 
3.06927 0.829530 
3.07948 0.832290 
3.09891 0.834720 
3.11195 0.835420 
3.05912 0.826790 
3.07947 0.827810 
3.05843 0.828840 
3.08396 0.831260 
3.09227 0.831260 
3.08719 0.834380 
3.08333 0.833330 
3.10504 0.840340 
3.10771 0.838220 
3.09614 0.839630 
3.08600 0.843170 
3.09919 0.851430 
3.11454 0.858000 
3.10932 0.850700 
3.12128 0.851060 
3.12128 0.851060 
3.12128 0.851060 
3.14759 0.860590 
3.14218 0.859110 
3.14927 0.862810 
3.14927 0.862810 
3.17370 0.870700 
3.16384 0.869190 
3.16587 0.866180 
3.17426 0.875660 
3.15331 0.871080 
3.15893 0.875660 
3.14733 0.882220 
3.15696 0.889280 
3.19532 0.900090 
3.18638 0.892860 
3.18954 0.894050 
3.17918 0.893660 
3.18287 0.892060 
3.17312 0.890080 
3.16852 0.889280 
3.18325 0.900500 
3.15884 0.894850 
3.16974 0.900500 
3.16652 0.900090 
3.17900 0.897260 
3.16911 0.887710 
3.16092 0.884170 
3.17474 0.889280 
3.21589 0.897670 
3.22762 0.899690 
3.22262 0.897670 
3.24451 0.895660 
3.25529 0.900500 
3.27633 0.911990 
3.29504 0.919120 
3.29963 0.919120 
3.28984 0.915750 
3.26235 0.906210 
3.29447 0.914490 
3.31276 0.914490 
3.33333 0.920810 
3.35721 0.924210 
3.38904 0.928510 
3.45377 0.948320 
3.43183 0.950120 
3.33333 0.919540 
3.34722 0.925930 
3.35664 0.932400 
3.36921 0.935890 
3.43155 0.947420 
3.35124 0.932400 
3.39897 0.937650 
3.40084 0.937650 
3.34022 0.918270 
3.34711 0.918270 
3.35635 0.920810 
3.38269 0.925500 
3.37638 0.922510 
3.33936 0.903750 
3.28201 0.879890 
3.25445 0.868430 
3.21128 0.841750 
3.22113 0.852150 
3.23534 0.853610 
3.20930 0.845670 
3.12752 0.807100 
3.12866 0.814330 
3.07879 0.808080 
3.11656 0.818000 
3.15114 0.828160 
3.13144 0.824060 
3.16757 0.835770 
3.16757 0.835770 
3.16757 0.835770 
3.14884 0.829190 
3.12664 0.822370 
3.07492 0.801280 
3.05887 0.795540 
3.02549 0.784310 
3.02549 0.784310 
3.02698 0.782170 
2.99264 0.774290 
2.97141 0.772800 
3.01135 0.782780 
3.07109 0.798720 
3.12245 0.816330 
3.14653 0.830220 
3.13194 0.822030 
3.11382 0.813010 
3.10060 0.804830 
3.14671 0.817330 
3.17233 0.818670 
3.21192 0.827810 
3.21192 0.827810 
3.16667 0.821020 
3.18709 0.827810 
3.11237 0.808410 
3.12196 0.810370 
3.07217 0.797450 
3.04476 0.785240 
3.07638 0.791450 
3.09893 0.794600 
3.06877 0.790510 
3.03470 0.779730 
3.06211 0.786160 
3.08149 0.791140 
3.07327 0.792080 
3.08730 0.793650 
3.08730 0.793650 
3.11227 0.799040 
3.07692 0.788950 
3.07964 0.784620 
3.05674 0.777300 
3.05528 0.774170 
3.05208 0.783090 
3.07080 0.795540 
3.05348 0.786470 
3.08360 0.788640 
3.10139 0.795230 
3.08789 0.791770 
3.08876 0.788950 
3.09806 0.790830 
3.05425 0.780640 
3.05979 0.781560 
3.02809 0.769530 
3.01836 0.765110 
3.07512 0.782470 
3.06408 0.776700 
3.07035 0.777300 
3.06690 0.777910 
3.04582 0.770120 
3.05996 0.773690 
3.02863 0.763360 
3.04290 0.765990 
3.04523 0.766580 
3.03544 0.762200 
3.02846 0.759010 
3.00565 0.753300 
2.97770 0.743490 
2.95862 0.732330 
2.93725 0.721240 
2.91425 0.723590 
2.88600 0.721500 
2.88081 0.720200 
2.88545 0.720460 
2.83540 0.707960 
2.87647 0.712000 
2.88778 0.714800 
2.89777 0.719940 
2.85613 0.708720 
2.88833 0.715820 
2.85967 0.708720 
2.85907 0.709980 
2.82015 0.699790 
2.81096 0.702740 
2.80795 0.709980 
2.81996 0.723070 
2.82173 0.729130 
2.82426 0.730730 
2.84627 0.742670 
2.85021 0.747100 
2.82713 0.737190 
2.82481 0.736110 
2.79545 0.722800 
2.78877 0.719680 
2.78339 0.722020 
2.76146 0.716330 
2.75437 0.714030 
2.76349 0.714540 
2.77798 0.719680 
2.76382 0.717880 
2.74423 0.710480 
2.75303 0.712760 
2.75303 0.712760 
2.78525 0.717620 
2.76837 0.713270 
2.77857 0.714290 
2.81048 0.717880 
2.84211 0.725950 
2.85427 0.730460 
2.85080 0.727800 
2.86227 0.732600 
2.92871 0.754430 
2.94253 0.766280 
2.93983 0.761610 
2.96063 0.764530 
2.94318 0.757580 
2.89896 0.745710 
2.88347 0.744600 
2.89287 0.746550 
2.90195 0.748500 
2.89966 0.745990 
2.84307 0.729930 
2.73125 0.700770 
2.71299 0.698320 
2.68056 0.694440 
2.66076 0.695170 
2.67863 0.710980 
2.67921 0.709720 
2.65050 0.708220 
2.64851 0.707210 
2.61921 0.701260 
2.63251 0.706710 
2.64945 0.707460 
2.64508 0.707710 
2.64571 0.706460 
2.65769 0.708720 
2.65758 0.708220 
2.66183 0.707460 
2.66100 0.707710 
2.68466 0.710230 
2.64758 0.706960 
2.63748 0.700530 
2.63598 0.697350 
2.64131 0.697840 
2.63773 0.697350 
2.64861 0.703480 
2.65378 0.702990 
2.64273 0.700530 
2.62195 0.696860 
2.62318 0.693960 
2.61624 0.693960 
2.60500 0.694200 
2.59542 0.693960 
2.61340 0.697840 
2.59798 0.696140 
2.62601 0.704970 
2.62174 0.705720 
2.62324 0.704230 
2.62088 0.707960 
2.61587 0.702250 
2.61646 0.700530 
2.62214 0.702990 
2.61312 0.701510 
2.59930 0.696860 
2.61074 0.697590 
2.59362 0.693480 
2.57565 0.687760 
2.56577 0.683290 
2.54845 0.680040 
2.54240 0.678430 
2.52877 0.677050 
2.51092 0.671820 
2.52101 0.672270 
2.53295 0.675900 
2.51934 0.672720 
2.51858 0.675680 
2.52453 0.676820 
2.53514 0.685640 
2.53833 0.696860 
2.54240 0.706710 
2.51400 0.694690 
2.52088 0.695890 
2.52260 0.695410 
2.51044 0.695890 
2.51761 0.704230 
2.51583 0.703730 
2.50965 0.702000 
2.50438 0.700530 
2.50614 0.702000 
2.50614 0.702000 
2.50614 0.702000 
2.47218 0.695410 
2.46352 0.694930 
2.44552 0.691800 
2.44552 0.691800 
2.43709 0.689420 
2.46178 0.694930 
2.44777 0.696380 
2.44097 0.694440 
2.45584 0.692760 
2.44666 0.688230 
2.45617 0.687520 
2.47574 0.693000 
2.46838 0.694200 
2.46186 0.693480 
2.46611 0.695170 
2.46435 0.695650 
2.47086 0.706460 
2.45736 0.710730 
2.44711 0.717100 
2.45215 0.722280 
2.41894 0.717360 
2.39813 0.718650 
2.39716 0.709220 
2.38681 0.713010 
2.38705 0.711490 
2.38854 0.707710 
2.39993 0.721240 
2.41467 0.726220 
2.38591 0.718650 
2.39099 0.714800 
2.40264 0.714540 
2.38552 0.709980 
2.37429 0.708220 
2.36721 0.708220 
2.34838 0.705220 
2.34485 0.705220 
2.33897 0.703980 
2.34244 0.700280 
2.30438 0.689420 
2.30716 0.688710 
2.30822 0.691090 
2.28220 0.683290 
2.24456 0.670020 
2.22707 0.671820 
2.22185 0.674310 
2.23013 0.691090 
2.21914 0.693480 
2.19816 0.683290 
2.26584 0.688710 
2.24280 0.685870 
2.23693 0.687760 
2.28107 0.692280 
2.26442 0.686810 
2.28416 0.681430 
2.29531 0.685170 
2.26264 0.683060 
2.24744 0.682590 
2.24873 0.676820 
2.26182 0.675680 
2.25655 0.671590 
2.24115 0.661590 
2.28677 0.671590 
2.33755 0.683990 
2.33051 0.677970 
2.32480 0.673850 
2.32480 0.673850 
2.32480 0.673850 
2.33435 0.679580 
2.37513 0.679580 
2.38512 0.685870 
2.38950 0.690610 
2.39280 0.686110 
2.33673 0.680270 
2.33447 0.682590 
2.33356 0.682830 
2.30508 0.677970 
2.30847 0.674990 
2.31081 0.675680 
2.25174 0.664230 
2.22532 0.655950 
2.22094 0.658540 
2.20807 0.661590 
2.19782 0.660500 
2.19324 0.656170 
2.19961 0.651250 
2.18140 0.650200 
2.16329 0.642880 
2.17520 0.644120 
2.16441 0.644750 
2.20333 0.653810 
2.21419 0.657030 
2.21419 0.657030 
2.20828 0.651890 
2.19825 0.648930 
2.17899 0.648510 
2.17878 0.648930 
2.17335 0.646830 
2.19616 0.651680 
2.18577 0.649560 
2.19870 0.651470 
2.21075 0.655520 
2.22497 0.658760 
2.24127 0.659200 
2.24127 0.659200 
2.27897 0.669790 
2.27607 0.668450 
2.27607 0.668450 
2.27424 0.664010 
2.28029 0.665780 
2.30506 0.670470 
2.32598 0.679120 
2.32361 0.678430 
2.27318 0.669570 
2.27840 0.674080 
2.23596 0.668450 
2.22924 0.664450 
2.23632 0.667560 
2.21838 0.658760 
2.21258 0.655090 
2.20946 0.656600 
2.20728 0.655950 
2.20033 0.656810 
2.24109 0.666000 
2.24092 0.666440 
2.23238 0.664890 
2.24500 0.666670 
2.24833 0.666670 
2.22149 0.659200 
2.21655 0.659200 
2.22113 0.658110 
2.20464 0.653810 
2.20228 0.652530 
2.17548 0.645160 
2.18933 0.650620 
2.17335 0.646830 
2.17632 0.650620 
2.18312 0.651680 
2.18033 0.653380 
2.18349 0.655310 
2.17409 0.659410 
2.18738 0.664450 
2.15411 0.667420 
2.16650 0.668670 
2.14899 0.660720 
2.14710 0.659630 
2.13003 0.665110 
2.11904 0.666890 
2.13687 0.670920 
2.13472 0.670240 
2.13688 0.669340 
2.14430 0.674310 
2.11272 0.674990 
2.11454 0.671820 
2.11338 0.670920 
2.09179 0.670020 
2.08347 0.673170 
2.08362 0.679810 
2.08748 0.672950 
2.08178 0.675900 
2.06739 0.677280 
2.06990 0.678660 
2.06021 0.672720 
2.07814 0.673630 
2.06931 0.672950 
2.06227 0.669570 
2.06256 0.669120 
2.07133 0.669790 
2.05892 0.665780 
2.04852 0.664670 
2.04204 0.667330 
2.04370 0.672270 
2.04370 0.672270 
2.04921 0.674080 
2.04446 0.673630 
2.04929 0.675220 
2.03561 0.671820 
2.02415 0.670920 
2.03088 0.671370 
2.02534 0.666890 
2.02891 0.664670 
2.04713 0.668450 
2.07128 0.672490 
2.05932 0.674080 
2.06379 0.674990 
2.09156 0.680740 
2.06161 0.677050 
2.05267 0.675220 
2.04946 0.677510 
2.02813 0.677740 
1.98981 0.679120 
1.99187 0.677510 
2.03055 0.686580 
2.05141 0.690130 
2.04805 0.691320 
2.04704 0.696860 
2.04593 0.695890 
2.02476 0.697590 
2.02661 0.691090 
2.02076 0.692040 
2.00558 0.697590 
1.99792 0.693240 
1.98888 0.694930 
2.00000 0.698080 
1.99648 0.704230 
2.00492 0.703480 
1.98640 0.697590 
1.97804 0.697110 
1.97391 0.695650 
1.97396 0.694440 
1.97460 0.695890 
1.97695 0.698570 
1.98707 0.699060 
1.98747 0.696140 
1.98393 0.698570 
1.99508 0.702490 
2.03114 0.707710 
2.04691 0.710730 
2.03108 0.706460 
2.02688 0.707460 
2.05229 0.716330 
2.05977 0.711490 
2.06341 0.708470 
2.05830 0.706710 
2.06358 0.702490 
2.06150 0.698810 
2.06522 0.701260 
2.04633 0.696620 
2.03444 0.694350 
2.02172 0.700770 
2.00982 0.701510 
2.00245 0.699550 
2.01260 0.700040 
2.01264 0.702490 
2.00811 0.705220 
2.00744 0.708720 
2.02109 0.702990 
2.01835 0.705720 
1.99297 0.702990 
1.99022 0.698320 
1.98915 0.699790 
1.97332 0.697590 
1.96592 0.695410 
1.97281 0.697110 
1.97277 0.698320 
1.99230 0.699790 
2.00140 0.699790 
2.00986 0.703980 
2.01862 0.702740 
2.00982 0.701510 
2.01616 0.702490 
2.01576 0.700530 
2.01745 0.698080 
2.01923 0.699300 
2.01573 0.699300 
2.00908 0.698810 
2.00628 0.697840 
1.97816 0.693480 
1.96594 0.687990 
1.96980 0.686340 
1.96980 0.686340 
1.96980 0.686340 
1.94246 0.680970 
1.94520 0.680740 
1.92411 0.674540 
1.92411 0.674540 
1.91714 0.670920 
1.92974 0.678890 
1.92008 0.677280 
1.92726 0.679810 
1.92099 0.678200 
1.90599 0.676820 
1.89071 0.670470 
1.89198 0.670920 
1.83599 0.664010 
1.83887 0.664450 
1.84367 0.659630 
1.81226 0.651890 
1.83717 0.657890 
1.84740 0.659200 
1.81566 0.652530 
1.82534 0.656600 
1.82264 0.654450 
1.80560 0.651250 
1.78653 0.650830 
1.78699 0.650410 
1.83185 0.660720 
1.80774 0.656170 
1.79810 0.654450 
1.81445 0.656810 
1.83993 0.660070 
1.85615 0.662910 
1.81698 0.658330 
1.79746 0.651250 
1.81654 0.656380 
1.82461 0.658110 
1.82999 0.657680 
1.82132 0.658110 
1.81403 0.652530 
1.82931 0.652740 
1.83322 0.655310 
1.82859 0.654240 
1.82982 0.648300 
1.83442 0.649350 
1.82764 0.650410 
1.82305 0.649350 
1.82730 0.646830 
1.83184 0.639390 
1.83333 0.641030 
1.83706 0.638980 
1.83201 0.633910 
1.83962 0.628930 
1.85453 0.629720 
1.85547 0.631110 
1.87146 0.628540 
1.86083 0.629720 
1.85238 0.634920 
1.83712 0.631310 
1.83865 0.625390 
1.83686 0.622670 
1.83349 0.623640 
1.83365 0.624220 
1.82071 0.618240 
1.82128 0.620540 
1.82638 0.622280 
1.82752 0.622670 
1.82314 0.623830 
1.80379 0.620930 
1.80685 0.623050 
1.82087 0.623050 
1.82314 0.623830 
1.81846 0.619580 
1.82535 0.618240 
1.82576 0.617860 
1.83876 0.620160 
1.82478 0.618050 
1.80449 0.614820 
1.80979 0.615570 
1.80245 0.612560 
1.80649 0.612370 
1.81024 0.613120 
1.81024 0.613120 
1.81024 0.613120 
1.81610 0.612000 
1.82335 0.614440 
1.81485 0.611060 
1.79089 0.603500 
1.78164 0.599880 
1.79565 0.604590 
1.79217 0.602410 
1.79765 0.602230 
1.78250 0.599160 
1.78250 0.599160 
1.76932 0.592240 
1.77300 0.593470 
1.77731 0.595420 
1.78806 0.597010 
1.79680 0.602950 
1.78743 0.598800 
1.79031 0.598270 
1.78635 0.595950 
1.77837 0.595770 
1.77850 0.593820 
1.77807 0.594180 
1.77458 0.594000 
1.77731 0.595420 
1.77771 0.597550 
1.77771 0.597550 
1.80623 0.611250 
1.82001 0.619580 
1.81581 0.615010 
1.82515 0.613500 
1.83328 0.615200 
1.80463 0.608640 
1.80712 0.608460 
1.81804 0.615760 
1.81330 0.613120 
1.80445 0.610130 
1.79055 0.601870 
1.79626 0.602770 
1.79356 0.601870 
1.81144 0.605330 
1.82445 0.612750 
1.82569 0.611620 
1.82583 0.612180 
1.82418 0.613690 
1.83014 0.618810 
1.84070 0.627160 
1.83339 0.625200 
1.82239 0.616710 
1.82791 0.620160 
1.82651 0.620730 
1.83011 0.624610 
1.82522 0.619770 
1.82802 0.618620 
1.83127 0.619200 
1.84006 0.621120 
1.83665 0.617360 
1.83951 0.617280 
1.84178 0.618050 
1.83869 0.618050 
1.84480 0.619580 
1.84235 0.618240 
1.85036 0.620930 
1.82904 0.612750 
1.83630 0.613120 
1.85887 0.621700 
1.86174 0.624220 
1.86560 0.626570 
1.86265 0.627160 
1.85416 0.623250 
1.85318 0.623440 
1.85486 0.625590 
1.85741 0.625390 
1.85723 0.624800 
1.85638 0.627160 
1.85773 0.628140 
1.86395 0.631310 
1.89172 0.636940 
1.87777 0.633310 
1.88233 0.634320 
1.88995 0.637960 
1.89314 0.637960 
1.89809 0.636940 
1.89241 0.632910 
1.89082 0.632910 
1.87579 0.628930 
1.87775 0.628540 
1.84447 0.618430 
1.83983 0.618430 
1.82799 0.616520 
1.81707 0.613870 
1.81637 0.613120 
1.82268 0.617860 
1.82437 0.618430 
1.81400 0.613870 
1.81053 0.612180 
1.81053 0.612180 
1.81250 0.609760 
1.80303 0.606060 
1.79282 0.603140 
1.79716 0.604590 
1.79217 0.602410 
1.79271 0.602590 
1.79588 0.605690 
1.80699 0.607900 
1.80097 0.605880 
1.81735 0.610870 
1.81583 0.608830 
1.81556 0.607720 
1.81445 0.607350 
1.80610 0.604050 
1.81432 0.606800 
1.82095 0.609010 
1.82136 0.608640 
1.82137 0.610690 
1.82040 0.608830 
1.82552 0.609010 
1.83912 0.614060 
1.84405 0.615200 
1.84756 0.618430 
1.84243 0.616710 
1.84267 0.615760 
1.83670 0.612750 
1.82663 0.609380 
1.82216 0.608830 
1.81405 0.605690 
1.81282 0.604780 
1.82149 0.607160 
1.81131 0.604780 
1.80084 0.600780 
1.80042 0.601140 
1.77626 0.595060 
1.80816 0.604230 
1.81392 0.605140 
1.81364 0.606060 
1.78593 0.596300 
1.77472 0.592070 
1.76297 0.589620 
1.75241 0.584620 
1.72770 0.581230 
1.72764 0.580720 
1.71219 0.575040 
1.71548 0.574220 
1.71245 0.572250 
1.66760 0.560070 
1.67555 0.560850 
1.65877 0.557100 
1.66433 0.559910 
1.67650 0.562110 
1.69844 0.568990 
1.68787 0.565450 
1.70283 0.570940 
1.69311 0.566730 
1.68879 0.564810 
1.67930 0.561640 
1.68212 0.562110 
1.66760 0.558660 
1.68688 0.564170 
1.66713 0.557100 
1.66899 0.557260 
1.65470 0.552490 
1.64020 0.547650 
1.64743 0.549600 
1.65287 0.551880 
1.65929 0.553560 
1.66759 0.556330 
1.67177 0.557260 
1.66852 0.556640 
1.66297 0.554790 
1.63616 0.546300 
1.63085 0.544070 
1.63082 0.544510 
1.63162 0.546150 
1.63073 0.545850 
1.62217 0.544810 
1.63335 0.547650 
1.63427 0.547500 
1.62797 0.546300 
1.63651 0.548250 
1.63109 0.547350 
1.63109 0.547350 
1.63109 0.547350 
1.59592 0.537350 
1.59360 0.537920 
1.57573 0.532340 
1.57573 0.532340 
1.58582 0.533050 
1.62705 0.546450 
1.64958 0.554020 
1.63822 0.550660 
1.65053 0.553400 
1.63739 0.549000 
1.63509 0.549150 
1.63288 0.547950 
1.63689 0.549750 
1.67839 0.562750 
1.68076 0.563540 
1.67557 0.562270 
1.66109 0.557880 
1.66296 0.556640 
1.67461 0.561010 
1.67748 0.564330 
1.67653 0.563540 
1.67135 0.561800 
1.66573 0.560850 
1.67797 0.564970 
1.69178 0.568670 
1.68079 0.564970 
1.68741 0.565770 
1.69078 0.567380 
1.69752 0.569640 
1.69470 0.570130 
1.70054 0.572570 
1.69032 0.567700 
1.69036 0.568670 
1.71121 0.574710 
1.70676 0.572740 
1.70767 0.572080 
1.70477 0.571590 
1.70917 0.573070 
1.70669 0.571760 
1.69547 0.566570 
1.69120 0.566090 
1.69453 0.566730 
1.69595 0.566730 
1.68734 0.563860 
1.68734 0.563860 
1.68448 0.562430 
1.69207 0.564490 
1.69683 0.565610 
1.68968 0.563700 
1.67583 0.549900 
1.66757 0.542740 
1.66847 0.541270 
1.66486 0.542740 
1.66082 0.539670 
1.66352 0.539670 
1.66487 0.539230 
1.67253 0.541270 
1.69031 0.545700 
1.69752 0.549360 
1.69039 0.547500 
1.69309 0.546600 
1.69164 0.544810 
1.67887 0.542450 
1.67574 0.544510 
1.66084 0.537920 
1.66132 0.534620 
1.66444 0.534760 
1.65519 0.529660 
1.65519 0.529660 
1.65519 0.529660 
1.66888 0.531910 
1.67111 0.533050 
1.67869 0.534190 
1.67244 0.533050 
1.68689 0.539370 
1.68693 0.540250 
1.69204 0.543630 
1.66222 0.533190 
1.66049 0.529240 
1.65617 0.524930 
1.66227 0.528120 
1.66227 0.528120 
1.66316 0.526730 
1.67196 0.529100 
1.67733 0.533330 
1.67467 0.533330 
1.67555 0.532770 
1.66844 0.533480 
1.67465 0.532060 
1.67465 0.532060 
1.67646 0.534330 
1.68008 0.536340 
1.67916 0.535620 
1.68010 0.537200 
1.68263 0.532060 
1.67774 0.531350 
1.67727 0.529940 
1.67905 0.530500 
1.68297 0.528820 
1.68872 0.529380 
1.70424 0.536770 
1.70689 0.536340 
1.70059 0.535620 
1.70247 0.537060 
1.70233 0.534900 
1.70281 0.535480 
1.70558 0.536770 
1.70692 0.536770 
1.71740 0.538790 
1.71740 0.538790 
1.72831 0.543920 
1.72560 0.548250 
1.72500 0.555560 
1.72702 0.557100 
1.71706 0.554790 
1.71496 0.551880 
1.71892 0.550060 
1.71901 0.550960 
1.71987 0.550360 
1.72447 0.550510 
1.74650 0.560220 
1.75343 0.559750 
1.75343 0.559750 
1.75266 0.560850 
1.75960 0.560380 
1.75721 0.560070 
1.77976 0.565450 
1.78571 0.569150 
1.81884 0.579710 
1.81885 0.587200 
1.80919 0.581730 
1.82830 0.585990 
1.81792 0.585480 
1.81952 0.587890 
1.83007 0.594180 
1.82391 0.585990 
1.82190 0.583940 
1.81659 0.582240 
1.83754 0.587540 
1.84522 0.591890 
1.83722 0.589800 
1.84506 0.591370 
1.84670 0.591890 
1.87556 0.601140 
1.88230 0.598980 
1.86393 0.590320 
1.85142 0.584970 
1.83753 0.579210 
1.82706 0.574550 
1.84622 0.579210 
1.86023 0.583600 
1.84965 0.579370 
1.86448 0.580380 
1.87518 0.584620 
1.87628 0.583600 
1.87573 0.584800 
1.87573 0.584800 
1.88012 0.584800 
1.89309 0.590670 
1.90189 0.589280 
1.91556 0.592590 
1.91603 0.591370 
1.89979 0.587720 
1.88047 0.583090 
1.88029 0.583940 
1.87173 0.581730 
1.91272 0.591720 
1.89726 0.588750 
1.89189 0.587540 
1.91918 0.596480 
1.90682 0.595420 
1.89157 0.595770 
1.86231 0.588410 
1.85799 0.591720 
1.85799 0.591720 
1.86631 0.591540 
1.87797 0.593820 
1.87332 0.597550 
1.85922 0.594000 
1.85498 0.593120 
1.84180 0.587030 
1.84280 0.585480 
1.84940 0.589450 
1.85032 0.589280 
1.84552 0.589620 
1.85032 0.589280 
1.87910 0.597010 
1.87500 0.595240 
1.87705 0.596840 
1.86923 0.595770 
1.86388 0.593120 
1.87407 0.596840 
1.87856 0.599700 
1.87556 0.598270 
1.88212 0.599880 
1.87965 0.595770 
1.87815 0.592940 
1.88262 0.594350 
1.87315 0.591370 
1.85992 0.588580 
1.86043 0.590140 
1.86321 0.589620 
1.86301 0.590490 
1.86194 0.588750 
1.85547 0.583940 
1.85207 0.582410 
1.83550 0.577200 
1.82053 0.573390 
1.81327 0.569310 
1.81207 0.572080 
1.80417 0.570940 
1.81039 0.571100 
1.80233 0.567210 
1.78014 0.567380 
1.78602 0.570610 
1.79070 0.570290 
1.77415 0.568180 
1.77442 0.564650 
1.77552 0.565450 
1.78117 0.565450 
1.78693 0.565930 
1.77828 0.562750 
1.77139 0.561010 
1.79411 0.566410 
1.78400 0.563220 
1.78904 0.564810 
1.76068 0.558500 
1.75807 0.556790 
1.73368 0.550810 
1.74454 0.552940 
1.74460 0.553400 
1.72385 0.549000 
1.72934 0.549000 
1.73548 0.550510 
1.72650 0.548100 
1.71986 0.545550 
1.71565 0.544220 
1.71479 0.544810 
1.71502 0.542300 
1.73244 0.544370 
1.72740 0.539810 
1.73602 0.540390 
1.73233 0.539670 
1.72906 0.538650 
1.72460 0.534760 
1.73278 0.536050 
1.75951 0.543480 
1.74095 0.540250 
1.73337 0.540830 
1.74131 0.542890 
1.74781 0.547050 
1.73770 0.546450 
1.74733 0.546900 
1.76560 0.552180 
1.76269 0.548700 
1.77580 0.554940 
1.76902 0.553250 
1.77321 0.555860 
1.77549 0.555710 
1.77549 0.555710 
1.77549 0.555710 
1.79150 0.558970 
1.78771 0.558660 
1.77308 0.552790 
1.77308 0.552790 
1.76495 0.548550 
1.78700 0.553250 
1.79505 0.556170 
1.81461 0.561800 
1.82733 0.567050 
1.83532 0.566890 
1.82903 0.561480 
1.82544 0.560380 
1.83146 0.561800 
1.85795 0.568180 
1.85096 0.565610 
1.86895 0.569800 
1.86750 0.571100 
1.84337 0.565450 
1.83817 0.563860 
1.84233 0.565130 
1.84359 0.564650 
1.84344 0.564170 
1.86185 0.568500 
1.85816 0.567380 
1.87803 0.571270 
1.86235 0.569960 
1.86893 0.571100 
1.87913 0.574220 
1.87825 0.577030 
1.86801 0.573890 
1.87267 0.573560 
1.85897 0.569800 
1.86146 0.570130 
1.87017 0.571920 
1.84887 0.564970 
1.84381 0.563860 
1.84218 0.564650 
1.83699 0.563060 
1.84293 0.567050 
1.84233 0.571270 
1.83557 0.570940 
1.82244 0.568180 
1.82259 0.570450 
1.81662 0.573070 
1.82287 0.573230 
1.83531 0.579880 
1.84111 0.579880 
1.84073 0.580210 
1.85357 0.581060 
1.85196 0.580550 
1.85756 0.581400 
1.86118 0.582070 
1.86243 0.582920 
1.86715 0.583940 
1.85764 0.578700 
1.87227 0.581900 
1.87136 0.582070 
1.87628 0.583600 
1.87518 0.584620 
1.87246 0.581060 
1.86938 0.580550 
1.87101 0.581060 
1.87101 0.581060 
1.87101 0.581060 
1.89517 0.592240 
1.89145 0.591540 
1.89318 0.593470 
1.89425 0.592420 
1.88167 0.593120 
1.86932 0.585990 
1.87206 0.588240 
1.86858 0.586680 
1.87482 0.589100 
1.87923 0.589100 
1.88609 0.591720 
1.88609 0.591720 
1.87242 0.589280 
1.87022 0.588580 
1.85714 0.583090 
1.85244 0.582070 
1.86203 0.584620 
1.84624 0.582410 
1.84985 0.583090 
1.86070 0.586510 
1.86508 0.587890 
1.87889 0.592240 
1.87611 0.591370 
1.87981 0.592070 
1.87981 0.592070 
1.88520 0.593300 
1.88948 0.594180 
1.89189 0.594000 
1.89815 0.597370 
1.90776 0.598980 
1.91509 0.602230 
1.90490 0.598090 
1.91384 0.600420 
1.91925 0.602590 
1.94267 0.609940 
1.94267 0.609940 
1.97303 0.619960 
1.96633 0.617860 
1.96881 0.617670 
2.01044 0.632710 
2.00797 0.637960 
2.01148 0.637550 
1.99525 0.632910 
1.98867 0.629330 
1.98867 0.629330 
2.00995 0.641640 
1.97615 0.635930 
1.98347 0.635730 
1.95823 0.628140 
1.96175 0.632310 
1.97674 0.637150 
1.96113 0.632110 
1.97711 0.635730 
2.00161 0.643090 
2.02557 0.655520 
2.02672 0.659630 
2.02970 0.660070 
2.02338 0.658540 
1.99316 0.651890 
1.97224 0.645580 
1.97806 0.645370 
1.96999 0.645370 
1.95911 0.643920 
1.93842 0.638160 
1.95631 0.647250 
1.95624 0.638770 
1.96497 0.642670 
1.95491 0.644120 
1.95449 0.645580 
1.92868 0.633910 
1.92126 0.629920 
1.89102 0.617470 
1.89118 0.616520 
1.88366 0.615570 
1.85693 0.608830 
1.87923 0.614630 
1.87635 0.615200 
1.88116 0.615760 
1.90292 0.620350 
1.90616 0.619390 
1.89364 0.614820 
1.90182 0.617470 
1.90074 0.614630 
1.90623 0.616900 
1.90977 0.618050 
1.89364 0.614820 
1.87424 0.606060 
1.86898 0.602410 
1.88754 0.607900 
1.86619 0.600060 
1.86461 0.604410 
1.85152 0.601140 
1.86549 0.608640 
1.89783 0.619200 
1.90513 0.622080 
1.89114 0.615010 
1.90012 0.618430 
1.89152 0.614630 
1.93787 0.630720 
1.93813 0.631310 
1.94692 0.635730 
1.94269 0.633310 
1.96824 0.641640 
1.95624 0.638770 
1.95122 0.633510 
1.94225 0.631110 
1.95638 0.636740 
1.95860 0.636940 
1.95293 0.636130 
1.95293 0.636130 
1.93813 0.631310 
1.94629 0.631910 
1.95742 0.635530 
1.97719 0.642470 
1.97876 0.643500 
1.99122 0.650200 
1.97424 0.644120 
1.98415 0.646830 
1.97933 0.645790 
1.98641 0.647040 
1.98772 0.646410 
1.98004 0.643920 
1.96858 0.641230 
2.00032 0.649980 
1.95223 0.636940 
1.95168 0.635730 
1.94058 0.632110 
1.94339 0.632510 
1.95017 0.634720 
1.90550 0.621700 
1.88810 0.616520 
1.88100 0.619770 
1.88122 0.621890 
1.87152 0.619200 
1.87423 0.618050 
1.88571 0.622860 
1.87753 0.623250 
1.88509 0.621120 
1.89080 0.624020 
1.88410 0.633310 
1.89666 0.641850 
1.91648 0.647460 
1.90845 0.644750 
1.89098 0.639390 
1.86508 0.634920 
1.85308 0.631910 
1.85395 0.629520 
1.85226 0.627350 
1.85395 0.629520 
1.85423 0.626960 
1.83940 0.622470 
1.84063 0.621310 
1.83876 0.620160 
1.83000 0.634320 
1.83719 0.633510 
1.84094 0.633710 
1.83786 0.632110 
1.84942 0.639390 
1.84755 0.636540 
1.85185 0.633110 
1.84377 0.632510 
1.84526 0.630320 
1.84841 0.630320 
1.86330 0.634320 
1.86175 0.632710 
1.84793 0.632310 
1.83786 0.632110 
1.83460 0.633710 
1.84194 0.637350 
1.83611 0.641440 
1.81934 0.638370 
1.80990 0.638980 
1.81658 0.640200 
1.80480 0.640000 
1.78949 0.640820 
1.78720 0.640000 
1.78207 0.638160 
1.77980 0.637350 
1.78161 0.638570 
1.78126 0.639590 
1.77650 0.636740 
1.76555 0.634520 
1.77302 0.634920 
1.77113 0.633110 
1.76628 0.629130 
1.73371 0.623640 
1.73981 0.626960 
1.73763 0.626170 
1.72172 0.623250 
1.72645 0.623830 
1.73696 0.624800 
1.74049 0.623830 
1.72558 0.620160 
1.70728 0.616900 
1.70728 0.616900 
1.70728 0.616900 
1.69025 0.615200 
1.68733 0.619770 
1.69147 0.620160 
1.69147 0.620160 
1.70906 0.620350 
1.72050 0.621120 
1.68252 0.613500 
1.68040 0.610500 
1.66919 0.604780 
1.68229 0.604590 
1.67970 0.601500 
1.68226 0.603500 
1.67914 0.598620 
1.69573 0.601320 
1.69384 0.603860 
1.68939 0.606060 
1.70821 0.607900 
1.70461 0.607160 
1.72156 0.609940 
1.69700 0.606610 
1.68680 0.604050 
1.68678 0.603500 
1.69333 0.603680 
1.68007 0.595770 
1.68004 0.594180 
1.68750 0.595240 
1.68053 0.594350 
1.68599 0.594710 
1.66962 0.589970 
1.65786 0.587370 
1.65490 0.588410 
1.67309 0.592770 
1.67454 0.590670 
1.67011 0.589620 
1.67652 0.591370 
1.67109 0.589450 
1.67995 0.590490 
1.67797 0.589800 
1.67695 0.587370 
1.67400 0.586850 
1.66472 0.583090 
1.66812 0.583260 
1.67788 0.585140 
1.68931 0.590670 
1.68440 0.591020 
1.69675 0.591720 
1.71720 0.600420 
1.71866 0.605690 
1.70378 0.610130 
1.70152 0.606060 
1.70683 0.610130 
1.70167 0.608830 
1.70374 0.617860 
1.71012 0.620730 
1.71665 0.624800 
1.71326 0.621310 
1.70272 0.618050 
1.69437 0.615570 
1.68269 0.620350 
1.69615 0.620730 
1.70743 0.627160 
1.70465 0.624410 
1.71081 0.623250 
1.71468 0.619580 
1.70972 0.615010 
1.70859 0.613500 
1.69780 0.612370 
1.68741 0.606980 
1.70294 0.613120 
1.69979 0.611430 
1.70067 0.609010 
1.69966 0.609200 
1.69463 0.610130 
1.69106 0.609940 
1.69113 0.611620 
1.67478 0.608460 
1.67326 0.609010 
1.67326 0.609010 
1.67326 0.609010 
1.67635 0.611810 
1.67176 0.610690 
1.67731 0.608270 
1.68909 0.611430 
1.69722 0.611060 
1.69471 0.611810 
1.68244 0.610690 
1.68146 0.612000 
1.67583 0.611060 
1.67887 0.609940 
1.67834 0.609200 
1.68239 0.608460 
1.68138 0.608640 
1.67169 0.602410 
1.67169 0.602410 
1.65768 0.598980 
1.63688 0.595770 
1.63734 0.596480 
1.63098 0.594710 
1.64437 0.594710 
1.64680 0.596130 
1.64235 0.595590 
1.64744 0.591540 
1.64744 0.591540 
1.66322 0.591370 
1.66864 0.591190 
1.67257 0.590490 
1.68047 0.591720 
1.68195 0.591720 
1.68195 0.591720 
1.67257 0.589970 
1.68144 0.591020 
1.69946 0.596300 
1.69338 0.593650 
1.69352 0.596840 
1.69091 0.593820 
1.68641 0.592240 
1.69035 0.592070 
1.69635 0.593650 
1.69187 0.593120 
1.69260 0.587200 
1.69204 0.585480 
1.69452 0.586340 
1.69352 0.585990 
1.67639 0.583600 
1.67248 0.581230 
1.67633 0.580050 
1.68067 0.579540 
1.67484 0.577030 
1.67726 0.577870 
1.67099 0.576200 
1.66428 0.573890 
1.66858 0.574880 
1.66523 0.573230 
1.65863 0.567050 
1.65074 0.561960 
1.64706 0.560220 
1.64841 0.561640 
1.65407 0.559750 
1.64913 0.553860 
1.64693 0.550810 
1.64999 0.556020 
1.65507 0.556790 
1.64220 0.553860 
1.65327 0.554320 
1.64597 0.551880 
1.64378 0.549300 
1.64418 0.550810 
1.64095 0.551120 
1.62778 0.549000 
1.61873 0.547800 
1.61704 0.551420 
1.62255 0.551420 
1.61488 0.545110 
1.60884 0.542150 
1.58737 0.537630 
1.59164 0.539080 
1.59459 0.540540 
1.59177 0.538210 
1.57677 0.534050 
1.58056 0.532620 
1.59432 0.535910 
1.59188 0.534190 
1.59048 0.534620 
1.57643 0.530790 
1.56852 0.528120 
1.56275 0.526180 
1.56398 0.526590 
1.54948 0.520830 
1.55729 0.520830 
1.55437 0.520290 
1.55342 0.518670 
1.54753 0.512430 
1.55744 0.514010 
1.55744 0.514010 
1.55159 0.513350 
1.55664 0.513740 
1.56567 0.520160 
1.57596 0.528400 
1.58436 0.533900 
1.58364 0.532770 
1.56308 0.526730 
1.55751 0.523970 
1.56506 0.527840 
1.58143 0.538360 
1.59054 0.540540 
1.58756 0.536340 
1.57390 0.532620 
1.56085 0.526870 
1.55675 0.525490 
1.54768 0.521100 
1.56764 0.530500 
1.58106 0.535050 
1.57816 0.541860 
1.55744 0.530640 
1.56408 0.532910 
1.57189 0.536480 
1.56918 0.534190 
1.56659 0.533760 
1.55200 0.529240 
1.55610 0.529520 
1.54342 0.526320 
1.53283 0.523150 
1.54646 0.513350 
1.53495 0.506590 
1.52499 0.507490 
1.52881 0.508130 
1.53181 0.508910 
1.51722 0.506590 
1.52291 0.511900 
1.51507 0.510990 
1.51145 0.508910 
1.51100 0.511770 
1.50293 0.510330 
1.51616 0.513080 
1.51721 0.513870 
1.50664 0.510730 
1.51395 0.511900 
1.51585 0.511250 
1.51651 0.511900 
1.51822 0.513350 
1.51492 0.514400 
1.50781 0.512430 
1.50179 0.512560 
1.48566 0.507490 
1.48594 0.506710 
1.48242 0.505940 
1.48793 0.508260 
1.48704 0.508390 
1.48025 0.509550 
1.47941 0.509040 
1.47209 0.509810 
1.47704 0.510200 
1.46999 0.508650 
1.47425 0.507490 
1.47716 0.507610 
1.48209 0.508000 
1.47791 0.507870 
1.48539 0.508260 
1.49199 0.508780 
1.47975 0.506330 
1.48416 0.506970 
1.49603 0.511900 
1.50039 0.515600 
1.51381 0.521100 
1.50273 0.519080 
1.50078 0.519750 
1.49007 0.515600 
1.47963 0.512430 
1.47210 0.514270 
1.47976 0.515600 
1.47891 0.514400 
1.48020 0.514400 
1.48492 0.515600 
1.48677 0.518940 
1.48450 0.516800 
1.47813 0.517730 
1.50066 0.524250 
1.52583 0.529800 
1.53867 0.533330 
1.53867 0.533330 
1.53867 0.533330 
1.53123 0.529380 
1.49714 0.520290 
1.49482 0.518130 
1.49482 0.518130 
1.49035 0.514800 
1.49242 0.513740 
1.50634 0.517200 
1.53200 0.524660 
1.53200 0.524660 
1.51311 0.519080 
1.53200 0.524660 
1.53251 0.524380 
1.54462 0.524930 
1.54240 0.525070 
1.54412 0.525210 
1.51287 0.519890 
1.50232 0.514930 
1.49347 0.511900 
1.49346 0.513220 
1.48849 0.511510 
1.48597 0.510200 
1.49042 0.510860 
1.48855 0.508910 
1.48642 0.507740 
1.49159 0.509940 
1.47837 0.508910 
1.46724 0.505940 
1.46397 0.505690 
1.46206 0.504160 
1.45000 0.500000 
1.45093 0.500750 
1.45660 0.503140 
1.44556 0.500630 
1.45331 0.502010 
1.45655 0.502260 
1.46643 0.504800 
1.47589 0.507610 
1.48469 0.510200 
1.49206 0.512300 
1.49679 0.513480 
1.49042 0.510860 
1.50463 0.514400 
1.52236 0.520020 
1.52044 0.520700 
1.52061 0.521650 
1.52709 0.523420 
1.53714 0.526870 
1.53664 0.527150 
1.53260 0.525760 
1.54101 0.529100 
1.54784 0.530080 
1.56250 0.534190 
1.57888 0.540250 
1.56981 0.538070 
1.57647 0.538500 
1.57824 0.538650 
1.59978 0.546000 
1.63314 0.558820 
1.65251 0.566410 
1.64885 0.562750 
1.63692 0.557720 
1.64430 0.559280 
1.67044 0.566730 
1.68900 0.570130 
1.70595 0.574880 
1.70500 0.575040 
1.70500 0.575040 
1.70500 0.575040 
1.67986 0.565610 
1.66339 0.561480 
1.66713 0.560380 
1.67416 0.562270 
1.68881 0.565290 
1.66853 0.558500 
1.67884 0.561960 
1.67132 0.558500 
1.68495 0.562590 
1.67552 0.558970 
1.66480 0.559130 
1.67228 0.561170 
1.68736 0.564330 
1.73635 0.580720 
1.76714 0.591020 
1.74262 0.584280 
1.75420 0.590140 
1.75127 0.591650 
1.75415 0.593120 
1.76953 0.596300 
1.71694 0.580050 
1.70629 0.579880 
1.72444 0.582580 
1.74631 0.589970 
1.74631 0.589970 
1.72138 0.581060 
1.73312 0.582070 
1.74296 0.586850 
1.72484 0.581730 
1.71334 0.577370 
1.70118 0.575210 
1.69662 0.574150 
1.69628 0.573070 
1.73609 0.582580 
1.72775 0.581730 
1.71178 0.575870 
1.72169 0.579210 
1.71470 0.576370 
1.70904 0.577870 
1.70904 0.577870 
1.69771 0.573070 
1.70802 0.577030 
1.71861 0.582580 
1.73926 0.588580 
1.74521 0.589100 
1.73811 0.587200 
1.74683 0.590140 
1.75355 0.592420 
1.77086 0.598270 
1.76946 0.598800 
1.77196 0.601680 
1.79125 0.607720 
1.79278 0.608750 
1.78963 0.609760 
1.79834 0.614820 
1.81395 0.620160 
1.78867 0.612560 
1.79798 0.613120 
1.79951 0.613120 
1.78387 0.608830 
1.79877 0.614440 
1.78561 0.609940 
1.79424 0.612370 
1.81439 0.617670 
1.82198 0.619200 
1.83521 0.624220 
1.83178 0.623050 
1.83489 0.623050 
1.82704 0.618810 
1.81204 0.614250 
1.81818 0.616330 
1.81468 0.616710 
1.83401 0.621700 
1.79145 0.606240 
1.78820 0.605140 
1.79885 0.607720 
1.78971 0.605140 
1.77061 0.599700 
1.74800 0.591540 
1.75788 0.594880 
1.75571 0.593650 
1.73656 0.590670 
1.75672 0.597010 
1.73829 0.592770 
1.75276 0.597190 
1.75097 0.595060 
1.74481 0.593470 
1.75777 0.597370 
1.73400 0.589800 
1.71930 0.584800 
1.71291 0.584110 
1.70945 0.583430 
1.72358 0.588750 
1.72759 0.589620 
1.72556 0.588930 
1.73066 0.590670 
1.73481 0.592590 
1.73282 0.592420 
1.75993 0.601680 
1.81693 0.613310 
1.80348 0.610310 
1.75313 0.596300 
1.72856 0.589450 
1.75239 0.598090 
1.75239 0.598090 
1.74799 0.595060 
1.73964 0.591720 
1.74547 0.594710 
1.74896 0.594880 
1.74481 0.593470 
1.74054 0.591020 
1.73701 0.590320 
1.73952 0.590670 
1.73145 0.588930 
1.69509 0.578030 
1.69509 0.578030 
1.69661 0.579540 
1.68590 0.576870 
1.68447 0.577370 
1.67289 0.574880 
1.67001 0.573890 
1.68207 0.577530 
1.68933 0.578540 
1.68741 0.578870 
1.67144 0.573390 
1.67510 0.575140 
1.68157 0.576870 
1.68205 0.577030 
1.67626 0.575540 
1.66286 0.570450 
1.66762 0.572080 
1.66239 0.570780 
1.66524 0.571270 
1.67769 0.575040 
1.67963 0.576200 
1.69583 0.583260 
1.69045 0.582410 
1.69338 0.582920 
1.69235 0.581560 
1.69968 0.582580 
1.71122 0.587540 
1.70222 0.584450 
1.70272 0.584620 
1.68841 0.579710 
1.68994 0.581730 
1.69437 0.583260 
1.70478 0.586340 
1.69781 0.583940 
1.70172 0.584280 
1.70825 0.587030 
1.69086 0.580550 
1.66810 0.573720 
1.66714 0.573890 
1.66047 0.571590 
1.63156 0.561640 
1.64266 0.564970 
1.64126 0.564490 
1.62921 0.561800 
1.64215 0.565770 
1.64171 0.565130 
1.63565 0.564020 
1.64032 0.564650 
1.63053 0.563220 
1.63793 0.565290 
1.60709 0.558500 
1.60033 0.556640 
1.60217 0.556790 
1.59527 0.556330 
1.58509 0.556170 
1.58238 0.555710 
1.58041 0.556480 
1.61715 0.565930 
1.61765 0.565610 
1.62606 0.566570 
1.60850 0.562900 
1.61304 0.564490 
1.61404 0.563860 
1.58907 0.557570 
1.57139 0.552330 
1.57348 0.553560 
1.57633 0.553100 
1.57597 0.552490 
1.58098 0.552790 
1.58228 0.550360 
1.57837 0.549000 
1.57786 0.549300 
1.57260 0.547950 
1.55849 0.545400 
1.53495 0.537630 
1.51346 0.532910 
1.51919 0.533050 
1.51919 0.533050 
1.51919 0.533050 
1.51664 0.532620 
1.51982 0.535620 
1.51657 0.534470 
1.51657 0.534470 
1.52878 0.535480 
1.54617 0.541570 
1.51838 0.532770 
1.51936 0.534050 
1.51442 0.534190 
1.54772 0.546900 
1.58305 0.557410 
1.57238 0.554630 
1.59085 0.558190 
1.62158 0.569480 
1.61886 0.568020 
1.60709 0.562900 
1.59687 0.558350 
1.58317 0.553560 
1.58688 0.553400 
1.59521 0.556790 
1.58682 0.553860 
1.61694 0.562900 
1.59705 0.556950 
1.59009 0.553560 
1.62158 0.563540 
1.60754 0.558660 
1.59306 0.555560 
1.59261 0.555400 
1.58783 0.553250 
1.57996 0.550510 
1.56012 0.544070 
1.57037 0.547650 
1.59034 0.555090 
1.60749 0.559130 
1.62242 0.564810 
1.62850 0.565450 
1.62345 0.563700 
1.64763 0.571100 
1.64716 0.570940 
1.64667 0.571270 
1.64997 0.572410 
1.64807 0.572250 
1.63916 0.569150 
1.65235 0.572740 
1.64387 0.569800 
1.63773 0.569150 
1.64056 0.569640 
1.65517 0.574710 
1.67247 0.580210 
1.67201 0.582580 
1.67006 0.581900 
1.66280 0.580380 
1.67152 0.582920 
1.66377 0.579710 
1.67398 0.585310 
1.66715 0.583940 
1.66570 0.582920 
1.65175 0.577530 
1.64935 0.577200 
1.66959 0.584280 
1.67594 0.585990 
1.67055 0.583090 
1.66424 0.581400 
1.65175 0.577530 
1.66183 0.580550 
1.64366 0.575210 
1.65175 0.577530 
1.64506 0.576200 
1.65313 0.580050 
1.64451 0.578030 
1.62604 0.573560 
1.62097 0.571270 
1.62521 0.571760 
1.62521 0.571760 
1.61761 0.566090 
1.63549 0.566890 
1.65484 0.567700 
1.64409 0.564490 
1.66145 0.569480 
1.66524 0.572250 
1.66524 0.572250 
1.66524 0.572250 
1.66905 0.572080 
1.66336 0.567210 
1.66006 0.566570 
1.65068 0.564330 
1.65074 0.561960 
1.65493 0.563380 
1.65631 0.564810 
1.65258 0.563540 
1.64146 0.560220 
1.64146 0.560220 
1.64095 0.561010 
1.62998 0.557260 
1.63652 0.556640 
1.64801 0.559600 
1.64065 0.557570 
1.62207 0.551720 
1.62255 0.551420 
1.61224 0.548850 
1.61445 0.549600 
1.59493 0.544810 
1.59054 0.543770 
1.60246 0.546450 
1.61348 0.550210 
1.61890 0.551120 
1.61890 0.551120 
1.60968 0.547050 
1.63520 0.555250 
1.62607 0.553560 
1.60744 0.546750 
1.60998 0.548550 
1.60822 0.547950 
1.60473 0.550510 
1.59819 0.547800 
1.58812 0.544810 
1.58942 0.545260 
1.59029 0.545550 
1.59258 0.545400 
1.57909 0.541710 
1.57667 0.539960 
1.57151 0.538650 
1.56720 0.537630 
1.57810 0.539520 
1.56526 0.536050 
1.57031 0.537780 
1.56594 0.537200 
1.56560 0.536620 
1.55218 0.532480 
1.54243 0.528680 
1.53938 0.528540 
1.51678 0.524380 
1.52311 0.525210 
1.51753 0.523290 
1.51369 0.521510 
1.51650 0.523830 
1.51309 0.523560 
1.49792 0.519210 
1.49648 0.520970 
1.51859 0.527290 
1.49493 0.520430 
1.47836 0.518270 
1.48981 0.522740 
1.47754 0.519350 
1.47431 0.516400 
1.46063 0.512950 
1.48201 0.521380 
1.48900 0.523830 
1.48805 0.525350 
1.48288 0.522600 
1.50000 0.526320 
1.48395 0.522060 
1.47394 0.518540 
1.48409 0.521650 
1.48124 0.521100 
1.48047 0.520830 
1.47609 0.519750 
1.47503 0.520290 
1.47635 0.522600 
1.48192 0.524110 
1.46411 0.518270 
1.46731 0.518940 
1.47151 0.520430 
1.46395 0.518670 
1.45871 0.517730 
1.46882 0.521780 
1.46288 0.519210 
1.45763 0.518270 
1.45349 0.516800 
1.44791 0.515730 
1.43646 0.513480 
1.40386 0.501380 
1.40005 0.502260 
1.40664 0.503270 
1.41052 0.505560 
1.40641 0.504540 
1.40641 0.504540 
1.39334 0.500750 
1.39097 0.499000 
1.41129 0.504030 
1.40316 0.501130 
1.40241 0.501760 
1.39097 0.499000 
1.41139 0.506330 
1.40996 0.505820 
1.45010 0.519750 
1.48613 0.528400 
1.48544 0.534330 
1.51850 0.552180 
1.48231 0.561480 
1.50144 0.574710 
1.48218 0.584110 
1.48917 0.585140 
1.50132 0.585310 
1.48581 0.584970 
1.48397 0.583090 
1.45087 0.578030 
1.42413 0.565130 
1.41313 0.561320 
1.42528 0.575870 
1.40788 0.579370 
1.40735 0.588240 
1.42961 0.584110 
1.44001 0.582410 
1.47337 0.591720 
1.48581 0.591370 
1.47214 0.586510 
1.46768 0.582410 
1.46242 0.584970 
1.44725 0.587720 
1.47707 0.603500 
1.48284 0.612750 
1.51953 0.615200 
1.50666 0.619390 
1.51095 0.616710 
1.53131 0.619960 
1.53907 0.630120 
1.53420 0.633310 
1.53883 0.633910 
1.54140 0.636940 
1.54240 0.640000 
1.56872 0.652950 
1.56331 0.645990 
1.56793 0.643920 
1.57835 0.650200 
1.59401 0.650620 
1.58777 0.657460 
1.59676 0.660500 
1.58421 0.655310 
1.58793 0.656170 
1.56663 0.645370 
1.58934 0.658110 
1.59868 0.657890 
1.59763 0.657460 
1.57912 0.652530 
1.59323 0.657680 
1.60191 0.658540 
1.60026 0.658540 
1.59397 0.655950 
1.59658 0.657030 
1.59775 0.661590 
1.59399 0.660720 
1.57989 0.650830 
1.57088 0.645790 
1.57996 0.638370 
1.59711 0.642050 
1.56850 0.629920 
1.55761 0.626170 
1.57056 0.637150 
1.57675 0.642260 
1.57684 0.641640 
1.56709 0.638980 
1.56728 0.637760 
1.55517 0.634120 
1.56180 0.635530 
1.56500 0.638770 
1.56759 0.639180 
1.58707 0.649770 
1.59515 0.655090 
1.59269 0.652740 
1.59269 0.652740 
1.59269 0.652740 
1.61381 0.660720 
1.61322 0.661160 
1.61988 0.660500 
1.61988 0.660500 
1.63561 0.665560 
1.62407 0.647040 
1.63424 0.648510 
1.63574 0.651040 
1.63748 0.648510 
1.63019 0.643710 
1.63149 0.649350 
1.63202 0.649560 
1.61951 0.650410 
1.63562 0.653590 
1.61504 0.645370 
1.61124 0.645790 
1.60610 0.648930 
1.61561 0.658760 
1.59009 0.651680 
1.57262 0.641230 
1.57672 0.650200 
1.58303 0.660280 
1.58589 0.659410 
1.60894 0.672490 
1.63743 0.687990 
1.64246 0.691560 
1.64575 0.697350 
1.65398 0.692040 
1.65515 0.691090 
1.65509 0.694690 
1.65152 0.699060 
1.65499 0.700530 
1.65844 0.704970 
1.66255 0.705220 
1.65903 0.705220 
1.63212 0.690850 
1.62742 0.692520 
1.63265 0.691800 
1.63627 0.688230 
1.62887 0.687290 
1.61241 0.685400 
1.61969 0.695890 
1.63462 0.699300 
1.64090 0.702740 
1.64583 0.694440 
1.64308 0.690370 
1.64483 0.689660 
1.63514 0.687760 
1.66667 0.691560 
1.66205 0.691800 
1.66725 0.696860 
1.66492 0.698080 
1.66029 0.696140 
1.66492 0.697350 
1.66086 0.697110 
1.66263 0.692040 
1.66437 0.689180 
1.65424 0.677970 
1.63310 0.671370 
1.63810 0.672040 
1.63128 0.674080 
1.62901 0.674540 
1.64179 0.678430 
1.62978 0.670690 
1.62810 0.670690 
1.62040 0.668900 
1.61242 0.664230 
1.59948 0.655520 
1.60461 0.658980 
1.59599 0.657460 
1.61328 0.660500 
1.61498 0.659850 
1.60656 0.655740 
1.60656 0.655740 
1.60656 0.655740 
1.57954 0.641440 
1.59098 0.644120 
1.60200 0.646620 
1.61317 0.655090 
1.59955 0.649560 
1.60019 0.648510 
1.60430 0.650830 
1.60691 0.645990 
1.58413 0.634920 
1.56761 0.628930 
1.57953 0.633710 
1.58606 0.636330 
1.58180 0.636540 
1.58859 0.637350 
1.58859 0.637350 
1.57116 0.636740 
1.57794 0.637550 
1.57962 0.636940 
1.58254 0.634920 
1.60423 0.651470 
1.60830 0.648510 
1.61069 0.652100 
1.61422 0.655520 
1.60221 0.649980 
1.61611 0.652320 
1.62422 0.652950 
1.62342 0.648720 
1.61311 0.642670 
1.62666 0.648720 
1.63681 0.651470 
1.62885 0.648300 
1.63216 0.647040 
1.61254 0.643090 
1.58712 0.640610 
1.58712 0.640610 
1.59252 0.644750 
1.59799 0.648930 
1.60117 0.649560 
1.62220 0.658760 
1.61852 0.656600 
1.62331 0.658540 
1.63861 0.660070 
1.63376 0.658110 
1.62242 0.655520 
1.62357 0.654660 
1.63765 0.657030 
1.65891 0.664890 
1.65622 0.659850 
1.67948 0.668450 
1.68908 0.672270 
1.69655 0.676590 
1.69270 0.679120 
1.71093 0.680970 
1.70162 0.676590 
1.69960 0.669790 
1.69215 0.664890 
1.70405 0.669570 
1.69871 0.662910 
1.69652 0.663350 
1.69534 0.661590 
1.70033 0.662250 
1.70687 0.670020 
1.70512 0.668670 
1.72123 0.674990 
1.72869 0.676590 
1.72079 0.669570 
1.71547 0.665560 
1.72379 0.672040 
1.72414 0.676130 
1.70504 0.667330 
1.70829 0.666000 
1.69858 0.660280 
1.70756 0.663130 
1.71844 0.668000 
1.72437 0.665780 
1.72483 0.671140 
1.72027 0.670020 
1.73394 0.672720 
1.74074 0.673400 
1.71534 0.671370 
1.70489 0.664670 
1.71053 0.666220 
1.71697 0.670690 
1.69726 0.667560 
1.69736 0.669570 
1.70835 0.675900 
1.71758 0.678890 
1.72078 0.683530 
1.71120 0.685170 
1.68632 0.673850 
1.69523 0.672040 
1.68264 0.661160 
1.68715 0.664230 
1.67935 0.661810 
1.68885 0.665560 
1.68226 0.668230 
1.68803 0.674540 
1.66833 0.663350 
1.66611 0.666440 
1.66611 0.666440 
1.67731 0.672270 
1.66003 0.663350 
1.64890 0.666220 
1.62299 0.655090 
1.61264 0.654880 
1.61102 0.648300 
1.61960 0.649140 
1.59736 0.644750 
1.59781 0.645580 
1.61102 0.648300 
1.60685 0.646620 
1.59362 0.644540 
1.60580 0.652100 
1.60964 0.651680 
1.61227 0.652740 
1.62016 0.656600 
1.62775 0.657680 
1.64509 0.664010 
1.64835 0.666000 
1.63194 0.661380 
1.61721 0.659410 
1.61322 0.661160 
1.63658 0.668670 
1.63069 0.664230 
1.62376 0.660070 
1.62327 0.659200 
1.62353 0.655310 
1.62233 0.656810 
1.60482 0.651040 
1.60353 0.653170 
1.59595 0.652740 
1.60427 0.656810 
1.61434 0.660940 
1.61488 0.661160 
1.62717 0.667560 
1.63706 0.670240 
1.64430 0.671140 
1.66274 0.672490 
1.67515 0.678890 
1.67396 0.672950 
1.68131 0.675900 
1.68019 0.676130 
1.67393 0.670240 
1.68012 0.672720 
1.69311 0.675220 
1.69477 0.674540 
1.69368 0.675450 
1.69652 0.675900 
1.69189 0.672720 
1.68524 0.675450 
1.69561 0.680970 
1.69207 0.677510 
1.69090 0.676360 
1.69083 0.674310 
1.69016 0.671370 
1.70145 0.673170 
1.70447 0.677050 
1.71124 0.677050 
1.71535 0.679350 
1.70397 0.678200 
1.70145 0.673170 
1.70195 0.672040 
1.70810 0.671820 
1.71115 0.675680 
1.70867 0.672040 
1.71607 0.673630 
1.71733 0.675450 
1.72175 0.674540 
1.72090 0.670920 
1.70614 0.667110 
1.70576 0.670240 
1.70569 0.668900 
1.70512 0.668670 
1.69900 0.668900 
1.70580 0.670920 
1.71313 0.671820 
1.71554 0.674080 
1.70920 0.671590 
1.70523 0.670690 
1.71323 0.673170 
1.70752 0.671590 
1.70234 0.668900 
1.69382 0.664890 
1.69441 0.665780 
1.69441 0.665780 
1.69441 0.665780 
1.71800 0.670470 
1.73366 0.677190 
1.73653 0.675900 
1.73653 0.675900 
1.73982 0.674830 
1.73981 0.672770 
1.73965 0.672040 
1.73324 0.670920 
1.73075 0.668700 
1.73975 0.670580 
1.73659 0.666090 
1.75200 0.668470 
1.75048 0.670220 
1.75525 0.670350 
1.74866 0.667940 
1.74396 0.670350 
1.73575 0.666870 
1.74735 0.668920 
1.75033 0.668450 
1.75278 0.669340 
1.74795 0.669990 
1.74409 0.670020 
1.72725 0.665070 
1.74434 0.667180 
1.72699 0.663530 
1.73431 0.668900 
1.73141 0.667560 
1.73592 0.670330 
1.76301 0.675200 
1.76574 0.680300 
1.76028 0.684720 
1.75334 0.684230 
1.75169 0.681990 
1.74379 0.680600 
1.72551 0.677670 
1.72185 0.676020 
1.73399 0.678430 
1.71801 0.676220 
1.72744 0.677760 
1.72684 0.676380 
1.72785 0.677250 
1.73054 0.675860 
1.70551 0.670980 
1.70685 0.672900 
1.70895 0.672950 
1.70370 0.668780 
1.70879 0.668920 
1.71978 0.671030 
1.71840 0.670870 
1.71542 0.672290 
1.70699 0.670130 
1.68924 0.666000 
1.67784 0.665560 
1.68976 0.669120 
1.69625 0.670470 
1.69093 0.670290 
1.68000 0.667780 
1.69605 0.671700 
1.69784 0.673630 
1.68843 0.672860 
1.68499 0.669590 
1.67254 0.669790 
1.66800 0.667800 
1.67279 0.668180 
1.66744 0.669950 
1.67877 0.676130 
1.66950 0.673600 
1.69522 0.678200 
